@Title 23145EASONS
@BPM 174
@Bar 4/4
@Offset -50

@Start Lunatic
0,
2,
1100200200201110,
0200200200200000,
2010201011110020,
2010201011110020,
2010201011110020,
2010201011111110,
2020202020211020,
2020202020211020,
2020202020211020,
2020202020220020,

2020202011101110,
2020202111111111,
2020202011101111,
2020202011101110,
2010201021102110,
2010202111111111,
2000100010001000
1010100010102111,
2120101021101110,
2110100110221121,

21111111,
21112111,
21111111,
21112111,
21111111,
21112111,
21112111,
21111000,

2010212020102120,
2010212020102120,
2010212020102120,
2010212020102120,
12221222,
12221222,
12221222,
2221222120212221,

2120112010011020,
0000200010100000
2000001011111111,
1120112010011020,
0020110020002211,
1120112022222020,
0000200010100000
2000001011111011,
2120100010102000
2020202020002000,
0020110020111111,

10110022,
20110022,
2000101020020020,
2010201020102010,
11110021,
10202021,
00201021,
0000000021111111,

1010101020111020,
1001001020001000,
2000002000002000,
2001101020002010,
11112111,
21212121,
11111111,
2020102010212120,

2010202021101120,
2121201021212010,
1010102020020020,
2010102021102111,
2110101021120020,
2020202020202020,
2020202020202020,
1121212121212121,

2000102020011010,
2000102010102010,
2010201020102020,
00222222,
2010102020111020,
2010102020111020,
2222202222202222,
2020200011111111,

2011101011110111,
2020212120212121,
22222222,
22222222,
211211211211,
211211211211,
1111111111111111,
1110101011201010
1120101020202020,
2000000000002210,

@End Lunatic
