@Title SEE YOU AGAIN!
@BPM 140
@Bar 4/4
@Offset -17

@Start Lunatic
0,
00011111,
11011122,
12221211,
11011122,
12221211,
11011122,
12221211,
20212021,
2000000011100000
2110000020000000
2000000020000000
2000000020000000,
21212222,
22222122,
21212222,
22222122,
21212222,
200200200200200111200200,
200111200200200111200200,
200000200100100000200100100000201010200100200100,
21212222,
22222122,
21212222,
22222122,
21212222,
200200200200200111200200,
200111200200200111200200,
2021102111111111,
2000000011100000
1110000010000000
2000000010000000
1000000010000000,

20210211,
20210211,
20210200,
20111111,
20211121,
20211121,
20211112,
22220000,
1110211021102020,
1110211021102020,
1110211021102020,
2011211010202020,
1110211111102110,
2110211111102110,
2110211111102111,
2000000021101000
2110000020001000
2000100020001000
2000100010001000,

2020202020212020,
2021202021202120,
2020202020212020,
2021202021212020,
2020202020212020,
2021202020212120,
2011202020112020,
2011202020112020,

2020202020212020,
2021202021212020,
2020202020212020,
2021202121222021,

2111111111111111,
1111111111111111,
1111111111111111,
2000100021101000
2110100020001000
1000100010001000
1000100010001000,

2011201020212020,
2021202020212020,
2011201020212020,
2021202020212020,
2011201020212020,
200000200100200000200000
200000201010200000200000,
200211200200200211200200,
200000200100100000200100100000201010200100200100,

2011201020212020,
2021202020212020,
2011201020212020,
2021202020212020,
2011201020212020,
200000200100200000200000
200000201010200000200000,
200211200200200211200200,
2021102122222222,
0,
@End Lunatic
