@Title タイトル
@BPM 150
@Bar 4/4
@Offset -17

@Start Lunatic
0,
20121002,
20120111,
20121212,
1110,
20112020,
21220210,
22022022,
02202020,

20210202,
02112111,
10210202,
02112020,
20210202,
02112111,
20220202,
02112020,
20112020,
21220210,
20112020,
22220220,

20210202,
02222112,
10220212,
02222220,
20221212,
12222222,
20220212,
0020202020222020,
02222020,

20112021,
20112021,
20112021,
22220222,
20222222,
2011201120112011,
2002002020102020,
1001001010010020,
22222010,

2000201110212020,
2000201110212020,
2000201110212020,
2000200020111111,
2000201110212020,
2000201110212020,
2000202000202020,
02222220,

2000201110211020,
2000200020111111,
2000201110211020,
2000200020111111,
2000201110212020,
2000201110212020,
22222221,
2000200020001111,

2121,
2122,
2001002120010021,
2001002120002000,
2011101110111011,
1011101110111021,
2121112111211121,
22222010,

2000201120011020,
2000201120011020,
2000201120011020,
2222,
2000201120011020,
2000201120011020,
2011102011102011,
11112020,

2000201110211020,
2000200020111111,
2000201110211020,
2000200020111111,
2000201110212020,
2000201110212020,
2011102011102020,
0020202022222000,

20202122,
20202122,
20202122,
20202122,
2000202220222020,
2000202220222020,
22222221,
2000200020001111,
21022121,
2222,
20111112,
1111,

20112020,
21220210,
20112020,
22220221,
20212020,
21220221,
2000202000002011,
20220210,
21111112,
2222,

@End Lunatic
