@Title Bad Apple!! feat.nomico
@BPM 138
@Bar 4/4
@Offset -50

@Start Lunatic
0,
2000200020001111,
1000200020001010,
2000200020001111,
1000200020002020,
2000100010001111,
1000100010002020,
2000100010001111,
1000100020202000,

2021111120211111,
2021111120212021,
2021111120211111,
2021111120212021,
2021111120211111,
2021111120212021,
2021111120211111,
200000200100100100100100
200020002000200020002000,
21212121,
22222121,
21212121,
11212121,
21212121,
22222121,
21212122,
200200222222,
22222122,
22222222,
22222222,
22222222,
22222122,
22222222,
22222222,
2222,

22222222,
22222222,
22222222,
22222222,
2021202120202020,
2021202120202020,
2021202120202020,
200000200100200000200100
200020002000200020002000,

21212122,
21212122,
21212122,
2010201020112011,
2020201020212020,
2020201020212020,
2020201020202020,
200200200100
202020202020,
22222122,
11222122,
11222122,
11222112,
22222122,
22222122,
22222122,
22222221,
21222122,
11222122,
11222122,
11222112,
22222122,
22222122,
22222121,
1022,

2021111120211111,
2021111120212021,
2021111120211111,
200000200100100100100100
200020002000200020002000,
2,
0,
1,
0,
1,
@End Lunatic
