@Title あいつはイカサマをしている
@BPM 224
@Bar 4/4
@Offset 1066

@Start Lunatic
101101002002000100101100,
101101002002000100101100,
2222,
2222222222222222,
22222220,
11,
100100100102,
001101101101,
101101101102,
001101101101,
101101101102,
001101101101,
101101101102,
001101101102,
001101101101,
100200100201,
002102102100,
200200200202,
200100100102,
100200100201,
002102102100,
200200202002,
001101101102,
000200101102,
000200101101,
001101101101,
101101101102,
001101101102,
001101101101,
100200101201,
002102102100,
101201202202,
202002101102,
100200101201,
002102102100,
101201202202,
202002101102,
002200101102,
002200101101,
001101101101,
101101101102,
001101101102,
001111200001,
000200200200,
202002000002,
001201101201,
101202100101,
000200200200,
202002000002,
001201101201,
101202200201,
000200200200,
202002000002,
000101201101,
201201200001,
000200200200,
202002000000,
101101101101,
100100111111,
111111111111,
101201202000,
111111111111,
101202002200,
111111111111,
111111111111,
111111111111,
111111111111,
101200101200,
100201100200,
201100201102,
000202202201,
100200200200,
200100200101,
100200100201,
101101101100,
111111111111,
101201202000,
111111111111,
101202002200,
211200211200,
222100122200,
111111111111,
111211122201,
201200101200,
100201100200,
201100201102,
000202202201,
100200200200,
200100200101,
100200100201,
100200100201,
100200100201,
100222202000,
101101002002,

@End Lunatic
