@Title タイトル
@BPM 170
@Bar 4/4
@Offset -17

@Start Lunatic
0,
1111101111102000,
1111101111102000,
1111101111102000,
1111101111101100,
2022,

2002001120020011,
2002001011101010,
2002001120020011,
2002001110101010,
2002001120020011,
2002001011101010,
2002002020021110,
02022020,

0010100011111010,
1111110011111010,
0011101110111011,
1010102022222000,
111111111111,
111111111111,
0020102021111000,
1110111022222000,

2000200120002000,
2000200020002001,
2000201020102010,
2002,
100100100000100100100000
200020002000000000000000,
100100100000100100100000
200020002000000000000000,

11112011,
21112111,
11112011,
21112111,
11112011,
21112111,
22022022,
2002002011111111,
2002002020002000,

21222122,
2011101020002010,
2010201110001010,
2000201020002111,
2010202020102011,
1011101020002010,
2010201110011010,
2111111111111111,

21222122,
2011101020002010,
2010201110001010,
2000201020002111,
2001001020001020,
2001001020001020,
22012201,
2011001010110110,

2002002002002002,
0020020020020020,
1111111111111111,
1000100021111010,
2020202020202011,
1000101020111000,
2000101020002011,
1001002110202111,
2020202020202011,
1000201020111000,
2000101020002000,
1111111111111111,

2002002020020020,
2002002020002010,
2011102020111020,
2002002020002111,
2020202020202011,
1000101020111000,
2020202011111110,
0010001020002000,

2000201020002011,
1001001020002111,
2010201110010010,
2000201020002111,
2010202020102011,
1011101020002010,
2010201110011010,
2111111111111111,

2010202020102020,
2011101020002010,
2010201110010010,
2000201020002111,
2001001020001020,
2001001020001020,
22012201,
2011001010110120,
22012201,
2022002022222000,

2002001120020011,
2002001011101010,
2002001120020011,
2002001110101010,
22222222,
22222222,
1111111111111110,
01012020,

@End Lunatic
