@Title チルノのパーフェクトさんすう教室
@BPM 175
@Bar 4/4
@Offset -17

@Start Lunatic
0,
11111121,
11111222,
21212122,
100000100100100000101000
100010101000100000100000,
11111222,
22211122,
22121212,
22220112,
20022222,
21111112,
20021222,
1011111121111111,
20212121,
1111111111111111,
1111200011112000,
2022202020101000,
1021102000211110,
1111202101202020,
1021102000211110,
2121202111102010,
1021102000211110,
1111202101202020,
1021102000211110,
2222222220202020,
1021102000211110,
1111202101202020,
1021102000211110,
100100100100200010101100
100100200000200000200000,
2000202000201111,
2000202000202020,
1201201201202020,
2020202200001000,

2011102020102010,
21212121,
22222121,
210000110000110000100100,
2121202020002000,
110100200200200000200000,
21212121,
1220202020202010
1010101010101010,
2011202020002000,
110000110100200100200000,
2021202120202020,
1000111122221000,
100100100100100100100100
102020200200202020100000,
1111111120202000,
21212121,
2111212121112111,
2100100010001000
0000000010000000,
2100100010001000
0000100010001000,
2100100010001000
0000000010000000,
2100100010001000
0000101010101000,
22121212,
12121212,

1000000000001010
2000000000000000
2010101010101011
1000000000000000,
1111222220101020,
20221212,
11221222,
20221212,
2021111120002000,
2000201110202020,
0012221000122210,
2011111010101010,
2120202020101020,
20212222,
21212112,
20212222,
2022222220002000,
20022222,
2022202020202020,
2111200021112000,
1001,

1021102000211110,
1111202101202020,
1021102000211110,
2111202101202020,
1021102000211110,
1111202101202020,
1021102000211110,
2111212110202020,
1021102000211110,
1111202101202020,
1021102000211110,
2121202111202120,
2000202000201111,
2000202000201111,
1201201201202020,
2020202200002000,
0,
@End Lunatic
