@Title チルノのパーフェクトさんすう教室
@BPM 175
@Bar 4/4
@Offset -17

@Start Lunatic
0,
21210111,
21210111,
22222222,
11110220,
21210111,
22220222,
21212121,
22220111,
20212222,
11111111,
20212222,
1011101111111111,
20222022,
1011102021212121,
2121200021212000,
2011102020202020,

2010202101201111,
2010202101202020,
2011202101201111,
1110202202202020,
2110202101201111,
2111202101201110,
2111202101201111,
1110220020202020,

2010202101201111,
2010202101202020,
2011202101201111,
1110202202202020,
2110202101201111,
2111202101201110,
100100000100100000100100
000100100000211100100000,
2020202200002000,

2011201020002000,
21212020,
21212020,
21212020,
1111202020002000,
2011202020002000,
22222222,
2111112121111111,
2011201020002000,
2011201020102010,
2011202120202020,
2011101111202000,
1111111111111111,
1111111120202000,
22222222,
1011002111111111,

12220010,
22220222,
22220010,
22220220,
12121221,
1111111120102010,
211110200000211110200000,
2222222220101010,

21222222,
22222111,
21222222,
2011111110002000,
2000001110202020,
0011102020112020,
2011102020111020,
20202111,
21222222,
22222111,
21222222,
2011111110002000,
2000201110201020,
1111102020101010,
211211200100211211200100,
1011101020102000,

2010202101201111,
2010202101202020,
2011202101201111,
1110202202202020,
2110202101201111,
2111202101201110,
2111202101201111,
1111111110102010,
2010202101201111,
2010202101202020,
2011202101201111,
1110202202202020,
2110202101201111,
2111212111212111,
100100000100100000100100
000100100000211100100000,
2020202200002000,
0,
@End Lunatic
