@Title 絡繰りドール
@BPM 150
@Bar 4/4
@Offset -83

@Start Lunatic
0,
21212121,
21212120,
21212121,
21212120,
21212121,
21212120,
21212121,
21212120,
2011101110111011,
1011101110111011,
1011101110111011,
22222222,
2110101111111110,
2110101111111110,
2110101111111110,
2110101111111110,

2110101111111110,
2110101111111110,
2110101111111110,
2110101111111110,
1110111101111110,
1110111101111110,
1110111101111110,
100100100100100100100100
101010101010101010101010,

12222222,
21212112,
12212111,
22221220,
22222222,
20202221,
12221222,
2010201020222220,

1110111011101110,
1111111111112011,
1011111020111110,
1111111111111110,
1110111011101110,
1111111111222010,
2011111011111110,
2110211011111110,

2000200020002011,
1020111122222000,
2000200020002011,
1020111122222000,
2000200020002011,
1020111010202020,
200000000000100000200000
200010001000200010001000,
200000100000200000100000
200000101010100100100100,
2002002022222011,

1120201111102110,
2120201111102110,
2120201111201120,
1120201111212020,
1120112021201120,
2111112220002000,
1111111111111111,
1111111111111111,

1120201111102110,
2120201111102110,
2120201111201121,
2020200020020020,
1120112021201120,
2111222011111110,
1111111111111111,
1111111110120120,
2002,

1110101111111110,
1110101111111110,
1110101111111110,
1110101111111110,
1110101111111110,
1110101111111110,
1110101111111110,
1110101111111110,

1110111011101110,
1110111011101110,
1110111011101110,
100100100100100100100100
101010101010101010101010,
2222222222222222
2222222222222222,
00222222,
2,

@End Lunatic
