@Title タイトル
@BPM 150
@Bar 4/4
@Offset 17

@Start Lunatic
0,
20011001,
10000000
00000000
00000000
10000001
10000000
00000000
00000000
00000000,
1,
01111210,
1000002120000021,
20010102,
2,
0010002010010010,
1110201010110110,
0020202011101011,
1000201111101010,
2020110111111020,
1110201010110101,
0020202011101102,
0010201010110111,
1020110111111020,

1010201110102011,
1010201110102011,
1011101110111010,
2010002020202000,
2020201110102011,
1010201010102010,
1011101110111020,
1010001010100010
1010001022222200,

11211122,
02020202,
00011112,
02020201,
21211121,
02020202,
2020202120002000,
1010101010101010
1111111110000000,

2020202020020020,
2020202020020020,
2020202020020020,
2020202020020000,
2020202020020020,
2020202020020020,
2020202020020111,
2000100010001020
0000222220000000,

2010201020102020,
2010202010102000,
2000000020000000
2000000000002222,
2000000010002000
1000212120000000,
2000002220000022,
2000000000000000
2000000011111111,
1000000000200200,
2000000000002222
2000211120002000,

1111111111111110,
1111111111111110,
1111111111111111,
1010101010101010
1010101111102000,
1111111111111110,
1111111111111110,
1111111111111110,
2000002022201011,

21122222,
02020202,
00022222,
02020202,
00002222,
02020202,
2111112221112111,
2111211121112111,
2010101010102020
2111111111111111,
11120120,

1010201110102011,
1010201110102011,
1011101110111010,
21021111,
1010201110102011,
1010201110102011,
1011101110111120,
1010101010101010
1000222220000000,

1110201010110101,
0020202011101102,
0010201010110111,
1000200010100010
1010222220002000,
1010101010101010
1111111122222222,
2001002000002000,

@End Lunatic
