@Title エピクロスの虹はもう見えない
@BPM 155
@Bar 4/4
@Offset -67

@Start Lunatic
0,
0,
11,
11,
10001001,
11112111,
20012001,
20012010,
21002100,
2020202020202111,
20112222,
0020201010102021,
20112222,
0010100010102011,
20112222,
0020202000002111,
2020002220010010,
22202020,
2000101111112020,
0010101121111020,
2000101111111010,
1010101111112021,
2000102111212020,
1010102111112010,
21111111,
11121121,
2000101111112020,
0010101121111020,
2000101111111020,
0010102111212021,
2000102111212020,
1010102121212020,
1000101111111010,
0010201000201222,
10112121,
21212011,
2010201020102021,
1021102110211120,
10112121,
21212012,
2020202020202110,
2112112120102220,
2000101021202020,
0020201011102021,
2000101021202020,
0020201021202021,
2000101021202020,
0020202011102111,
2020001010020020,
2020202011111110,
2000101021202020,
0020201011102021,
2000101021202020,
0020201021202021,
2000101021202020,
0020202011102111,
2020000020020022,
2002002220020022,
2002001111111111,
2000101111112020,
0010101121111020,
2000101111111010,
1020202111212021,
2000102111212020,
1010102111112010,
21111111,
11121121,
2000100011102020,
0010100021101020,
2000100011102020,
0020101021102021,
2000101011202020,
1010101021202020,
0000202020202122,
22000000,
@End Lunatic