@Title flanticnight
@BPM 220
@Bar 4/4
@Offset -33

@Start Lunatic
0,
1111,
111111211111,
211111211111,
211111111111,
111111111111,
111111111111,
111111111100,
20020020,
02002020,

21201102,
21201102,
21201102,
21201102,
21201102,
21201102,
21201102,
200200111111,

11201102,
11201102,
11201102,
11201102,
11201102,
11201102,
11201102,
111111202020,
0,

200001100100,
201000200000,
200001100100,
201000200100,
201100100100,
201001002000,
200100101001,
001101001100,

200101100100,
200101100100,
200101100100,
200101100100,
2001,
2,
1111,
200200111111,

100001101001,
100100200100,
201001101001,
101100200100,
201001001001,
101201201200,
101001001001,
001201201200,

201001101001,
100100200100,
201001101001,
1121,
201001001001,
100100100101,
101100100100,
200100201010,

200200200101,
0021,
200100200101,
1222,
2222,
1222,
200100202020,
21,

100202000200,
2222,
202002200001,
201102200000,
200202001101,
201201200101,
200200202001,
100100211111,

100202001101,
100202000201,
201102200001,
201102200001,
200202001101,
201201200001,
200200202002,
100100111111,

201201201201,
201201201201,
201201201201,
201201201201,
201201201201,
201201201201,
201201201202,
0,
0,
100100111111,

201001101001,
101001101001,
201101101001,
101001101001,
201001201001,
101001201001,
211111111111,
111111111111,

111111111111,
111111111111,
1111111111111111,
1111111111111111
1111111111111111,
100100100100100100100100100100100100100100100100
100000001000000010000000100000001000000010000000,
101010101010
111111111111,

@End Lunatic
