@Title タイトル
@BPM 160
@Bar 4/4
@Offset -33

@Start Lunatic
0,
0,
21,
21202011,
11,
21202011,
00202021,
00202021,
00202021,
02202021,

11110000,
21202021,
11110000,
21202021,
10202021,
10202021,
10202021,
0010100020111010,
2010201020102021,
1010101020222010,
11212122,
1010101020222010,

2000200010101011,
1020101010211010,
2000202010211011,
1020102010111011,
1000201010201021,
1020102010211020,
2000202000201020,
1020102010111010,

2020000010100021,
1020101000211010,
2000202000211011,
2020202000211011,
1000201010202011,
1020102010211000,
2020202000201020,
1020102010211010,

2000111000101000,
2000102000200000,
2000102000200020,
1000100020111010,
1010202010102011,
1010202010111011,
1000202000200020,
0000000020111010,
2000000020002221,

1010201020201021,
1010101010112020,
2010201020102021,
1010201010111010,
1000201020101021,
1010201020112010,
1000201010102010,
1000101020111010,

2010201020102021,
1010101010112000,
2010201020102021,
1010201020112010,
1000201010101021,
1010201020111010,
1000101000101010,
2010201020222020,

1010101010101011,
2010101020111010,
1010101010101011,
2010101020111010,
1010201020112021,
1010201020112021,
1010201020112021,
1020101020222020,

1010101010101011,
2010101020111010,
1010101010101011,
2010101020111010,
1010201020112021,
1010201020112021,
1010201020112010,
1011101110010010,
2,

@End Lunatic
