@Title 解けないように
@BPM 112
@Bar 4/4
@Offset -33

@Start Lunatic
0,
21111112,
21111112,
21111112,
2000100010001000
2110000000000000,
21111112,
21111112,
21111112,
200100100000000000000000
000000000000101010101010
100000000000000000000000
000000000000000000000000,
0,
@BPM 180
2,
0,
2,
0,
1111101111011011,
1111101111011011,
1111101111011011,
111111111111,

1011102010202020,
2020202020011020,
2011102010202020,
2020202020011020,
2011102010202020,
2020202020011020,
2011102010202020,
2111101111101110,

22000000,
0,
22000000,
0,
22000000,
0,
1111102000111011,
100000100100100000100100
100000101010200000000000,

2011101020102010,
1021102020002000,
2011101020102010,
1021102020002000,
2011101020102010,
1021102020002000,
11211211,
2010102111111111,
11112111,
2010201020101021,
101010101010100200200200,

20102022,
2000202020020020,
1021101010102010,
2021101010202020,
2000202020020020,
1021101010102010,
2011102020020020,
2011101111111111,

10102022,
2000202020020020,
2011102011111020,
0000100021111111,
1000102000102010,
0010202000102111,
1000102000102000,
2000200021111111,

10202022,
0010201111111020,
02202122,
0010102111111111,
10202022,
0010201111111020,
02202022,
0,
2111111111112000,

2011102010202020,
2020202020011020,
2011102010202020,
2020202020011020,
2011102010202020,
2020202020011020,
2011102010202020,
2020120111111111,

1110111011101110,
1110111020000020,
1110111011101110,
1110111020000020,
1111111111111010,
1111111020000020,
1111111111111010,
1111111110001111,

@End Lunatic
