@Title ハルトマンの妖怪少女
@BPM 166
@Bar 4/4
@Offset -33

@Start Extra
0,
@Bar 7/8
10101020020020,
10101010101010,
10101020020020,
10101010101010,
10101020020020,
10101010101010,
10101020020020,
10101020102020,

1111111,
1111111,
1111111,
1111111,
1111111,
1111111,
1111111,
100100100100100111100,

@Bar 4/4
22202220,
22202220,
22202220,
22202220,
11111111,
11111111,
11111111,
11111111,

@Bar 7/8
20101010010010,
10101020101020,
20101010010010,
10101020101020,
20101010010010,
10101020101020,
20101010010010,
10101020101020,
1111111,
1111111,
1111111,
1111111,
1111111,
1111111,
1111111,
1111111,

20101020020020,
10101010101010,
20101020020020,
10101010101010,
20101020020020,
10101010101010,
20101020020020,
10101010101010,

@Bar 4/4
21202120,
21202120,
21202120,
21202120,
11111111,
11111111,
21111111,
21111111,

2010101010101011,
1111,
11111111,
1000100010000011,
11111111,
11111010,
11111111,
11111010,
1010101010101011,
1222,
11111111,
2000200020000011,
11111111,
11112020,
11111111,
22222000,

1010101010101011,
2222,
11111111,
2000200020000011,
11111111,
11112020,
11111111,
22222020,
1020102010201021,
11111111,
12121212,
1010101010100011,
12121212,
12121111,
11111111,
22222000,
2,
@End Extra

@Start Lunatic
0,
@Bar 7/8
20101020020020,
2112112,
20101020020020,
2112112,
20101020020020,
2112112,
20101020020020,
2112122,

2222222,
2222222,
2222222,
2222222,
2222222,
2222222,
2222222,
2222222,

@Bar 4/4
11101110,
22202220,
22222222,
22222222,
2121212121212121,
2121212121212121,
2111211121112111,
2222222222222222,

@Bar 7/8
2000100010001220201220201220,
2000100010001220200010001000,
1000100010001220201220201220,
2000100010001220200010001000,
2022100010002022102220102022,
1000100010002022100010001000,
2022100010002022102022102022,
1000100010002022100010001000,

20101010101110,
20202020202220,
20202120202120,
20202220202020,
20202121202020,
21202021202020,
21212020202120,
21212020212120,

20202020111010,
2222221,
20202020111010,
2222221,
10202020111020,
1222222,
10202020111020,
1222222,

@Bar 4/4
20002000200000001220200020000000,
20002000200000001220200020000000,
12202000100000001220200010000000,
12202000100000001220200010000000,
12202000100010001220200010001000,
12202000100010001220200010001000,
20221000100010002022100010001000,
12202000202210001220200020221000,

2010101010101011,
1222,
11111111,
2000200020000011,
11111111,
22222020,
11111111,
22222020,
1020202020102022,
1222,
12222122,
2000200020000011,
12222122,
22122020,
12222122,
2020102020001111,

200200200222200200200222,
21212121,
200200200222200200200222,
2010201020000011,
200200200222200200200222,
22222020,
211200211200211200211200,
22222020,
1020102021212121,
2000200021112110,
1020102021212120,
2000200021111121,
1020102021212120,
2020202021112110,
2121212021212120,
22222000,
2,
@End Lunatic
