@Title Ilias
@BPM 176
@Bar 4/4
@Offset -50

@Start Lunatic
0,
0,
2020202020020020,
0000000010000011,
22,
21,
2020202020020020,
0000000010000011,
22,
21,

2020202020020020,
0000000010000011,
2000000020200011,
11,
2020202020020020,
0000000010000011,
20002200,
0,

20002200,
1111100020100011,
10002100,
100000000000101010100000
100000000000100000100100,
10102101,
2122,
20002200,
2122,

2020102120201021,
2010101111101011,
1000102120101021,
2010102020002020,
20202022,
2222,
1111111111111111,
1111111111111111,

11220220,
22212220,
11220220,
200200200100
200200202020,
11220220,
22212220,
22220220,
22212222,

22220220,
22212222,
22220220,
200200200100
200200202020,
10111111,
11011111,
10111111,
100100200000
000000202020,

12,
1000000020000011,
1022,
200000000000101010100000
100000000000100000100100,
10102100,
2000000010002011,
10201100,
200000000000101010100000
100100100100100100100100,

1000201111102021,
2000201111102021,
2000201111102011,
1110201111102020,
20202022,
2222,
2222,
2222,

2222,
2222,
21202120,
21202120,
11212121,
21212112,
1111111111111010,
1111,

20220220,
2000202000202110,
22222222,
100100200200
200200202020,
11222222,
11222222,
22222222,
200100200200
200202020200,

22221221,
22222222,
22222221,
200100200200
100200202020,
22221221,
200100200202
020000200100,
11111111,
1111,
2,

@End Lunatic
