@Title 悪戯センセーション
@BPM 150
@Bar 4/4
@Offset -67

@Start Lunatic
0,
22102210,
11022120,
22102210,
11112120,
22102210,
11110220,
2222,
2020202011111111,
01111120,
20212022,
2011101020102000,
20212022,
2011101020202000,
20212122,
2021102010201020,
20212122,
2020200020111022,
22222222,
20220111,

2000202000211020,
02222021,
2000202000211020,
0020002020111111,
1020200010111111,
1020200010111011,
2010102010201021,
1111111111111110,
0021101020202020,

2000202000211020,
22222220,
2000202000211020,
2010201020222011,
2010201020111020,
2021102020202011,
1020201110202011,
1010201021111111,
02022010,

@Bar 3/4
202211,
202111,
202120,
202121,
202120,
202111,
201120,
202120,
202120,
202121,
202120,
220,
0,
021,
@Bar 4/4
2020202020222020,
0020202020002000,
2020202020222020,
02222020,
2111200021112000,
2111200021112000,
2011102020111020,
2200,
20101011,

2010201020111021,
2020201011111020,
2021202011111011,
2011201011112011,
1010201020111021,
2020201011111020,
2021202011111011,
1111111122212020,
2020202020111021,
2021102011112010,
2010201020111020,
2011111020102010,
2020202020111021,
2021102011112010,
2020111120201111,
1111111111111111,
2020,
2011102011111010,
2011102011111022,
2022201011111000,
2120202021202020,
2020202021112000,
2011101022222011,
1011101021222000,
2120202021202020,
2020202021112000,
2011102011111022,
2022201011111000,
2010201020111011,
1010202011112000,
2020202020212020,
1111111111111111,
1111111111111111,
2,
0000000200000000,
@End Lunatic
