@Title 響縁
@BPM 180
@Bar 4/4
@Offset -17

@Start Lunatic
0,
0,
0,
1010201111102000,
1010201111102000,
1010201111102000,
1002002010020020,
1010201111102000,
1010201111102000,
1010201111102000,
2222222222222000,
10202202,
0020200110010010,
2000200020200020,
0022212220100010,
1000200020200020,
0022200022200020,
11211211,
11112020,

11121112,
11211211,
21211211,
22222221,
11121112,
11211211,
21121121,
1020101110200000,

11121111,
21211222,
21121122,
12222220,
11121111,
21211222,
21121122,
21221211,

1010101111101011,
1010101110201020,
1010101111101011,
1010101110202020,
1010101111101011,
1010101110201020,
1010101111101011,
1020201020201011,

12000002,
02000101,
22000002,
01212121,
10210220,
10210220,
22022022,
0020111120000000,

2010201020110110,
2020202011110110,
21221221,
2120212022212220,
1110111011111110,
2220222022202220,
2011102011102011,
1111111110002000,

1110111011111110,
12222222,
2111111111111110,
1121212121212110,
1111111111111111,
1210202011102120,
1110111011101111,
0022222220002010,
20012002,
22222010,
20012002,
22222020,

1020102010111110,
1020102010111110,
1020102010111110,
1020102010111110,
1020102010111110,
1020102010111110,
1020102010111110,
1110102010201110,

1020102010111110,
1020102010111110,
1020102010111110,
1020102010111110,
1020102010111110,
1020102010111110,
1020102010111110,
1110102011011110,
20012002,
22222010,
20012002,
22222010,
2,
2,

@End Lunatic
