@Title タイトル
@BPM 150
@Bar 4/4
@Offset -17

@Start Extra
0000000000000001,
0000000200000000,
10201111,
2000201101102010,
1000201101102020,
2000201101102010,
2000200200202000,
2000201101102010,
1000201101102020,
2000201101102010,
2000200200202000,
2000200011102020,

21202120,
2010101100201020,
21202120,
2010101100202020,
21202120,
2010101100201020,
2010100020020020,
0020202011201111,
11011212,
11020212,
11021112,
0020102010201011,
11011212,
11020212,
12121212,
1111011110102000,

2010201101102010,
1010201101102020,
2010201101102010,
2000200200201010,
2010201101102010,
1010201101102020,
2010201101102010,
2000200200202000,

21202120,
2010101100201020,
21202120,
2010101100202020,
21202120,
2010101100201020,
2010100020020020,
0020202011201111,
11011212,
11020212,
11021112,
0020102010201011,
11011212,
11020212,
12121212,
2011111110101020,

0020001020110110,
0010202010101010,
2010100020110020,
0000202000201010,
2010200020111020,
0020201100201010,
1020102110201020,
0020020020002000,

10202111,
02111111,
20211111,
2000202000211110,
20201112,
02112122,
20201112,
02212122,
02222222,

20000002,
02220220,
20002202,
00220220,
20202022,
0020101100201010,
2020202100102020,
02222210,

2010201020110110,
0010202010101010,
2010102110102020,
0020101100201010,
2020201100211020,
0020201100201010,
1020102011111111,
0020020020002000,
2,
0000000000200000
0000000020000000
0000020000000000
0000000000000000,
0000002110000000,

@End Extra


@Start Lunatic
0000000000000001,
0000000200000000,
10201222,

2020202111202120,
2020202111212220,
2020202111202120,
2202202202202220,
2020202111202120,
2020202111212220,
2020202111202120,
2202202202202220,
2000200011101111,

21222122,
2020202110202020,
21222122,
2020202200202020,
21222122,
2020202110202020,
2020202020212020,
2120212021101111,

2020212020111120,
2020212020111121,
2020212020111120,
2020212020111122,
2020212020111120,
2020212020111121,
2020212020212221,
2111011120101000,

2020201121201120,
2020201121212210,
2020201121201120,
2202202222202220,
2020201121201120,
2020201121212210,
2020201121201120,
2202202222202220,

21222122,
2020202110202020,
21222122,
2020202200202020,
21222122,
2020202110202020,
2020202020212020,
2120212021101111,

2020212020111120,
2020212020111121,
2020212020111120,
2020212020111122,
2020212020111120,
2020212020111121,
2020212020212121,
1111111120202020,

1020002020210220,
2010211020111110,
2010201020220020,
2020202010212120,
2020202020222020,
2020201220121210,
2020202110212122,
0020020020002000,

20202121,
11212121,
20211121,
2000202020111110,
2000200120102020,
0020202020202020,
2000200120102020,
02212122,
02222222,
20000002,
02220220,
2000000020111020,
0000202000202000,
2000200020002020,
0020201120102010,
2020202120102020,
01111120,

2020202020210220,
2010211020111110,
2010202220202020,
2020202200212120,
2020202200202020,
2020201220121210,
2020202112112211,
1020020020002000,

2,
0000000000200000
0000000020000000
0000020000000000
0000000000000000,
0000002220000000,
@End Lunatic
