@Title Lotus Love
@BPM 127
@Bar 4/4
@Offset -33

@Start Lunatic
0,
2011101010110110,
101010101010201010100000
100000100100000100100000,
200000100100100000100000
100000100100000100201010,
2011101010110110,
2021202020120120,
2021202020120120,
2021202020120120,
2021202020020020,
2011111020102010,
2011111020020020,
2011111020102010,
2011111020102020,

1021012020202011,
2001101020211110,
1021012020202011,
2001102020112010,
2001101020101021,
1001002110211020,
2001102020120020,
0011001020111010,

1021012020202011,
2001101020211110,
1021012020202011,
2001102020112010,
2001101020101021,
1001002110211020,
2001102020120020,
0020202020111110,

20020000,
2010111022020020,
2002000020111020,
2000201010110110,
20020000,
2010111022002020,

2022001020111021,
2021102120111020,
2022001020111020,
2000200200102020,
2011101020111011,
1020202201002021,
1000101020102011,
10000111,
1000200020011010,

2011101201201120,
1020202020120120,
2011101201201120,
1020202020202010,
2011201201201120,
1120112020020020,
2000111121122122,
2012012020112020,

2011101201201120,
1020202020120120,
2011101201201120,
1020202020202010,
2011201201201120,
1120112020020020,
2000111121122122,
2012012020112020,

1010101100101020,
1010101100212020,
1010101100101020,
2010101100102020,
1010101100101020,
1010101100212020,
1010101100101020,
100000100000000000100000
000000100000000000202020,
2,


@End Lunatic
