@Title タイトル
@BPM 150
@Bar 4/4
@Offset 1017

@Start Lunatic
1011101101102120,
1111111111102020,
1011101101102120,
1111111111102020,
1011101101102120,
1111111111102020,
1011101101102120,
2002,

1011101201202220,
1201201201202220,
1011101201202220,
1201201201202220,
1011101201202220,
1021101021101021
1010100020002000,
2121212221212121,
2000000010000000
2000222020202020,
2000222020002220
2000000020000000,

1011101201202220,
1201201201202220,
1011101201202220,
1201201201202220,
1011101201202220,
1201201201202220,
1022201201201120,
2222,

1111110102010201,
1111111102010201,
1110110102010201,
1111111102010201,
1111110102010201,
1111111102010201,
1110110102010201,
1111111102010201,
1010201110201121,

1111101201201120,
1121101201201120,
1111101201201120,
2110211021102120,
1111101201201120,
1121101201201120,
1111101201201120,
2110211021102120,

112200112200112200112200,
112200112200112200112200,
112200112200112200112200,
10202220,
112200112200112200112200,
112200112200112200112200,
112200112200112200112200,
1222,

1111101201202220,
1201201201202220,
1111101201202220,
1201201201202220,
1011101201202220,
1021101021101021
1010100020002000,
200100200100200100200200
201010201010201010201010,
2222,

1111101201202220,
1201201201202220,
1111101201202220,
1201201201202220,
1011101201202220,
1021101021101021
1010100020002000,
200100200100200100200200
201010201010201010201010,
2222,

1011201201202220,
2101202101202020,
1010101110101020,
1111111111122000,
1011201201202220,
2101202101202020,
1010101110101020,
1010201110201121,
1011101201202220,
1201201201202220,
2121212220202020,
21111000,

@End Lunatic
