@Title 郷愁のロンド
@BPM 130
@Bar 4/4
@Offset 1062

@Start Lunatic
2000200200002020,
2002002000202020,
200000000000200000000200
000000000000200000201010,
10021111,
2000200200002020,
2002002000202020,
2000200200002000,
10102121,
2000200200102010,
2111101101202010,
2110200201202010,
22222220,
2110200200102010,
2111101101202010,
2000200200002000,
20011111,
2110210200201020,
2011111100202020,
2110210200202020,
2020211110202010,
2110210200201020,
2011111100102020,
2110210200102010,
1110110120202020,

2110210200201020,
2011111100202020,
2110210200202020,
2020211110202010,
2110210200201020,
2011111100102020,
2110210200102010,
1110110120202020,

2000100200000020,
2001001100101020,
2000100200101020,
11111110,
2000100200000020,
2001001100001020,
2000100200000000,
20020020,

200000000000000000100100
100010001000100100000000,
2002002000100011,
1000000020000111,
1101011110202000,
2000002220020110,
2000002020020020,
2000000200002001,
10011111,

2110111110202010,
2011111110202010,
2110111110202020,
2110111110202010,
2110111110202010,
2011111110102020,
2110111110202010,
1110110110101010,
2110210200201020,
2011111100202020,
2110210200202020,
2020211110202010,
2110210200201020,
2011111100102020,
2110210200102010,
1110110101011100,
2000000100000000,
1000000100001000,
2000000100000000,
1000000100001000,
2,
0,
@End Lunatic
