@Title Scream out!
@BPM 165
@Bar 4/4
@Offset -50

@Start Lunatic
0,
0,
1111010201111111,
1111010201111111,
1111010201111111,
1111010201110111,
1111010201111111,
1111010201111111,
1111010201111111,
1111010211111110,

11211121,
02120111,
10111111,
1111111111111111,
11211121,
02120111,
10111112,
0020002000101111,

1011011010201020,
1011011010201020,
11212212,
12121211,
1011011010201020,
1011011010201020,
2000001120000020,
02220200,

1011012010110120,
1011012020001010,
1000201010101010,
100111200111200111200111,
2011012010110120,
22220111,
1111111111111111,
100100100100200100100100
201010101010201010101010,

2011012010110120,
1011012020001010,
1000201010101010,
100111200111200111200111,
2011012010110120,
22220111,
1111111111111111,
100100100100200100100100
201010101010201010101010,

2011011020202020,
1011011020202020,
1011011020202020,
200000000000100100100100
101010200100101010201010,
2011011020202020,
1011011020202020,
1011011020202020,
200000000000101010101010
201010101010200200200000,

2001101010102020,
2011101010102020,
2000200020101020,
1020101010102111,
1011011010202020,
2011011010202020,
111111111111111111111111,
12220200,

1011012010110120,
1011012020001010,
1000201020102010,
200111200111200111200111,
2011012010110120,
22220222,
1111111111111111,
100100100100200100100100
201010101010201010101010,

2011012010110120,
1011012020001010,
1000201020102010,
200111200111200111200111,
2011012010110120,
22220222,
1111111111111111,
100100100100200100100100
201010101010201010101010,

2111111120102020,
1111111120202020,
1111111120202020,
200000000000100100100100
101010200100101010201010,
2111111110202020,
1111111110202020,
1111111110202020,
200000111211222222222222,
2,
@End Lunatic
