@Title Scream out!
@BPM 165
@Bar 4/4
@Offset -33

@Start Lunatic
0,
0,
1111020201110111,
1111020201110111,
1111020201110111,
1111020201111010,
1112020201111111,
1112020201111111,
1112020201111111,
1112020211111110,

21212121,
11211121,
20202111,
1111111111111111,
11212121,
11211121,
2000201111111110,
0020002000201111,

1001001010101010,
2001001010101010,
2000222020222022,
2022202220222020,
1001001010101010,
2001001010101010,
2010001020100020,
0020202000200000,

2011111020111110,
2002002020002010,
2000201020102010,
2011101110111011,
1011111020111110,
2020202020101010,
1111111111111111,
1111111111111000,

1111102011111020,
1111111120002010,
2000201020102010,
2011101110111011,
1111102011111020,
2020202020101010,
1111111111111111,
1111111111111000,

1001001010101010,
2001001010101010,
2001001010101010,
2000111111111000,
1001001010101010,
2001001010101010,
2001001010101010,
2000111111111000,

2001001010101010,
2001001010101010,
2000222020222022,
2022202220222020,
1001001010101010,
2001001010101010,
2010001020100020,
0020202000200000,

2011111020111110,
2002002020002010,
2000201020102010,
2011101110111011,
1011111020111110,
2020202020101010,
1111111111111111,
1111111111111000,

1111102011111020,
1111111120002010,
2000201020102010,
2011101110111011,
1111102011111020,
2020202020202020,
1111111111111111,
1111111111111000,

1012012010101010,
2012012010101010,
2012012010101010,
2000111111111000,
2022022020101010,
2022022020101010,
2022022020101010,
1000111111111000,
2,
@End Lunatic
