@Title Starlight Dance Floor (D.M.K. edit)
@BPM 128
@Bar 4/4
@Offset -17

@Start Lunatic
0,
0,
01110111,
00110212,
01110112,
00000002,
200000000000200000000000
101010100100100000100000,

2020110210210211,
2020110210210211,
2020110210210211,
200000200000100100000200
201010100100200100100100,
2020211120211122,
2020211120211122,
2020211120211122,
200000000000000000000000
201010100100100000100000,

22222222,
2020202220202020,
2022201120222011,
1020202020211120,
2011202020112020,
2011202020212020,
1021202010112020,
200000000000000000000000
201010100100100000100000,

22222222,
2020202220202020,
2022201120222011,
1020202020211120,
2011202020212020,
2021202020111020,
200000100100100000200100
101010101010200000100000,
20012222,

2012202020122020,
2120212021212121,
2012202020122020,
200100200000200100200000
200000201010100000200000,
2012202020122020,
2120212021212121,
200111100111100111100111,
100000101010100000101010
100000101010100100100100,

2012202020122020,
2120212021211121,
1012202020122020,
200100200000200100200000
200000201010100000200000,
2012202020122020,
2120212021211121,
100111200111200111200111,
200111200111200111222122,

2021222120202022,
2022202020222220,
200000200200200200200000
200000201010200000201010,
200211200211200222200200,
2021222120202022,
2022202020222220,
200000200200200200200000
200000201010200000201010,
200211200211200222200200,

2012122220112021,
2021202020211120,
200000200100100100200000
200000201010200000201010,
200211200211200222200200,
2012122220112021,
2021202020211120,
200000200100100100200000
200000201010200000201010,
200211200211200222200200,
2000000000000002,

@End Lunatic
