@Title SEE YOU AGAIN!
@BPM 215
@Bar 4/4
@Offset -17

@Start Lunatic
0,
0,
21201011,
02102111,
21201011,
02110220,
21201011,
02102111,
21201011,
02110112,
21212122,
02112121,
21212122,
01110220,
21212122,
02112121,
20020020,
02002020,
22112211,
0011101011111000,
10122022,
02022020,
20212012,
02212121,
20021022,
01102011,
02010201,
02011111,
10122022,
02022020,
20212012,
02212121,
20021022,
02102011,
02010201,
02011110,
20021001,
20202020,
10211112,
02010220,
20012001,
11212121,
20000022,
0011,
20022000,
2010002000111000,
12121212,
00121212,
20101011,
0010100010111010,
12121212,
00102020,
21111011,
0011100010101010,
12121212,
00121212,
20102002,
00201111,
12121212,
00212120,
11111111,
1010101022202000,
20212121,
21212121,
21212202,
02212112,
00202222,
02220000,
20020020,
20222222,
2001,
1101,
12,
2011,
1111,
1011,
1011,
2020,
2002,
2201,
12,
2021,
1002,
2010,
2112,
2112,
21221220,
12121212,
00121212,
20101011,
0010100010111010,
12121212,
00102020,
21111011,
0011100020202020,
12121212,
00121212,
20101011,
00202222,
12121212,
00102020,
11111111,
1010101011111000,
21201011,
02102111,
21201011,
02110220,
21201011,
02212121,
20220220,
22022020,
10202020,
20202020,
2000001110000000,
@End Lunatic
