@Title 神霊廟秋祭りっ！
@BPM 132
@Bar 4/4
@Offset -33

@Start Lunatic
0,
0000000000000022,
2000211121112121,
2020111020202021,
200000001010
200100100100
200100100100
200100100100,
2002002020211222,
21,
20002002,
0002002020001111,
200000201010200000200000
201010200000100000100000,
21,
20002002,
0011100000112020,
2001202020012021,
2222,
2222,
2222,
1111100020002020,
2222,
2000200020002021,
1011102020202000,
200000101010100000200000
200000000000200000100100,
2000200020002021,
2000200020002021,
2222,
1111100020212020,
2222,
2000200020002021,
12222220,
2000101021211121,

2000002020001121,
1111211111112111,
12222022,
200200211100200200200000,
21112020,
2000200020002021,
2000200020011020,
21202111,
10111022,
20122022,
200000200200200000200011,
22020211,
222222,
202020200200,
222222,
200000002000000020000000
200000100000100100100100,
2002002020012020,

1110000010002000,
201010000000
000000200000
000000200100
100010001000,
1012,
1010101020021020,
2000000020012020,
200111200111200111200111,
22201021,
1010101021112020,

1110000010002000,
201010000000
000000200000
000000200100
100010001000,
11111111,
2000100020011020,
1000000020012020,
100111200111200111200111,
22201122,
0021100020012020,
2000000020012020,
200222200222200222200222,
22201122,
000000200100100000201010
200000000000000000000000,

11,
20002002,
0002002020001111,
200222200200222200200200,
21,
20002002,
0011100000112020,
2001202020002222,
2201200022012000,
2020001020002000
2000012220000000,

@End Lunatic
