@Title Spring of Dreams
@BPM 153
@Bar 4/4
@Offset -100

@Start Lunatic
0,
0000000011111111,
1020201102011020,
2002020202011111,
1110201102011020,
2002020202011111,
1020201101102020,
100000201010200000200000200100100000200000200000,
2021021021021110,
2000100021111111,
10102122,
2002002020102020,
2011002020202020,
1020202021111111,
10212222,
2002002020102020,
2021002020202020,
100000100000100000100000200000201010200100100100,
10102122,
2002002021102010,
2011002020202010,
1020202020102020,
2000201020202020,
2002002021102010,
2022002020202010,
1010101021111111,
12220222,
02222220,
22220222,
0020202020202111,
21211121,
11212120,
21211121,
1010201011111111,
1000102020120020,
200000100200000000200000200000000000200000201010,
2012002020120020,
2000102011012111,
1000102020120020,
200000100200000000200000200000000000200000201010,
2012002020120020,
2000101020201111,
1020202102021020,
2002020202021111,
1110202102021020,
2002020202021111,
1020202101102020,
200000201010200000200000200100100000200000200000,
2021021021021110,
2000100021111111,
12220222,
02222220,
22220222,
0020202020202111,
22221222,
12222220,
22221222,
1020202011111111,
1000102020120020,
200000100200000000200000200000000000200000202020,
2012002020120020,
2000102011012111,
1000102020120020,
200000100200000000200000200000000000200000202020,
2012002020120020,
2000101020201111,
1000102020120120,
200000100200000100200000200000000000200000202020,
2002002020020020,
2000202011012111,
1000102020120120,
200000100200000100200000200000000000200000202020,
2002002020020020,
2000101020201111,
1020202102021020,
2002020202022121,
1110202102021020,
2002020202022121,
1020202202202020,
200000202020200000200000200200200000200000200000,
1021021021021110,
2000100021111111,
1,
@End Lunatic
