@Title Spring of Dreams
@BPM 153
@Bar 4/4
@Offset -33

@Start Lunatic
0,
@Bar 5/4
11111111111120020020,
11111111111120020020,
11111111111120020020,
11111111111120020020,
11111111111120020020,
11111111111120020020,
11111111111120020020,
11111111111120020020,
@Bar 4/4
11212121,
21212121,
2110211021102110,
2110211021102020,
21212121,
21212121,
2110211021102110,
2110211021102020,
21212121,
21222121,
2010202020211020,
22222012,
21212121,
21222121,
2020202020211020,
20101022,
21212121,
21222121,
2020202020211020,
22222012,
21212121,
21222121,
2020202020211020,
2111111111111111,

211211211211,
211211211211,
211211211211,
201010201010201010201110,
211211211211,
211211211211,
211211211211,
201010201010201010200200,

101110101110101110101110,
101110101010100000201010,
101110101110101110101110,
101110101010100000200200,
101110101110101110101110,
101110101110100000201010,
101110101110101110101110,
100010101000100010101000
100000000200000000200000,

11212121,
21212121,
2110211021102110,
2110211021102020,
1110211021102111,
1110211021102111,
1120212021202120,
2120211021102020,
@Bar 2/4
2,
@Bar 4/4
21212121,
21222121,
2020202020211020,
22222011,
21212121,
21222121,
2020202020211020,
20101022,
21212121,
21222121,
2020202020211020,
22222022,
21212121,
21222121,
2020202020211020,
1111111111111111,
@Bar 5/4
11111111111120020020,
11111111111120020020,
22222222222220020020,
22222222222220020020,
0,
@End Lunatic
