@Title 幻想に咲いた花
@BPM 186
@Bar 4/4
@Offset -33

@Start Lunatic
0,
0,
20011111,
20002111,
20021111,
0000200020112020,
2000101110101010,
2000200010202020,
1111102000200020,
01212020,

2000001110101010,
21202020,
2000001110101010,
0010200010111111,
2000001110101010,
21202020,
2000001110101010,
02201111,

2000200020020020,
2000200010101010,
11201010,
10121220,
2000201020020020,
2000101020012010,
20001111,
2000200011111011,

21012021,
22222221,
21012021,
22222211,
20211021,
11202222,
02200020,
1010101011111111,

2002002020002010,
20001022,
20202121,
2010201021111111,
2002002020002010,
2000001110020020,
20002222,
2002002020111111,
2000100011111111,

20111111,
21101222,
1000201110101010,
0010201020112011,
21112111,
21112111,
20211122,
0010202011111111,

2000101110101010,
21201222,
1000201110202010,
12121222,
01201222,
21202120,
20220202,
0010200020112011,

2000101110101010,
2010200010102010,
2000101110101010,
0010200010102111,
2000101110101010,
1010200010102010,
2000101110101010,
0020101010101010,

2000001110101010,
20001111,
2000001110101020,
00002221,
2000201120102010,
2000100020202020,
2111102000200020,
02020202,
0002,
0000000011111111,

2000201110102020,
2010200020101010,
2000201110202020,
0010201020111111,
10202221,
21202221,
20222222,
0020101020201111,

2000201120202010,
2010200020202010,
2000201120202020,
22222212,
01201211,
21202120,
20220202,
0000200011111111,
20220222,
22022222,
0,
00022200,

20211220,
2120211021202000,
20212222,
0021202120212222,
2222222220111111,
2011101121112020,
1020211121212010,
0010002110111111,
@Bar 9/4
200000002,
@Bar 4/4
1101,
1111,
1111,
2002,

@End Lunatic
