@Title 月に叢雲華に風
@BPM 150
@Bar 4/4
@Offset -50

@Start Lunatic
0,
0011,

21111121,
2011102010002000,
2010101020011010,
2011102000102010,
20020222,
22210222,
2111222222222222,
20000222,

21221222,
1010101000101120,
0020202020111020,
11122222,
21221111,
22221211,
22222222,
22222121,

1121,
20000011,
20210010,
10001011,
10010010,
2222,
2002,
2000200020111110,
21112111,
21112111,
21212110,
20202021,
21211002,
01121111,
1111111111111111,
1111111111111111,

11121122,
01020222,
11121122,
01020222,
11121122,
01020222,
2002002020020020,
2121212121212121,
2000000011111111,

2010201020102010,
1021021010101010,
2010201020112010,
1021021010102000,
21120222,
22202112,
11111112,
2221212222212122,

2010201020102010,
1021021010101010,
2010201020112010,
1021021010102000,
21120222,
22202112,
21212121,
2221222221222221,

2010201020102010,
1021021011112111,
2000000010010010,
2012012010001000,
21120222,
22202112,
21111112,
2212222212222212,

2010201020102010,
1021021000102010,
2001001020020020,
2001001000001000,
21120222,
22202112,
21212121,
2212222212222212,

2011,
1001001000000000,
1000000010010010,
1001001000001000,
10010111,
11100111,
1,
0,
0,
0,
1,

@End Lunatic
