@Title タイトル
@BPM 188
@Bar 4/4
@Offset -50

@Start Lunatic
0000000000001122,
2000000000002000
0000111120000000,
02002020,
20020020,
02002120,
2000000000001000
0000111110000000,
0011101010001000,
2011102000202000,
0011102020002000,

21111111,
11112222,
21111111,
11112222,
21111111,
11112222,
22220202,
02220111,

20121112,
20220212,
11210111,
10202222,
10121112,
21211221,
12210002,
22020111,

20121012,
20220111,
20220112,
00002010,
2001102000201010,
1010102010202020,
00110112,
0000111120200000,

20101010,
10101111,
20101010,
10001011,
2122,
21212020,
21111020,
20112112,
0011,
20101012,
01110111,
01110112,
0000200021111010,
1020102011112000,

20102021,
20202111,
20102010,
2002002020000020,
01212202,
02020111,
22022022,
02021120,

20102021,
20202111,
20102010,
2002002010101010,
01111202,
12110020,
21101110,
10010010,

21101110,
10010010,
22121210,
20210210,
21121112,
0011111121111111,
20000022,
02222021,

10010010,
01001011,
20220220,
22222021,
10010010,
01002010,
20220220,
22022221,

20111020,
11102020,
20211120,
21212121,
20111020,
11102020,
21120221,
12022020,
2111,
1112,
2111,
111100000000
000000000000
000000000000
000000000000,
0,
0,
1,

@End Lunatic
