@Title 幽霊楽団　～ Phantom Ensemble
@BPM 156
@Bar 4/4
@Offset -33

@Start Lunatic
00000011,
11212122,
01212122,
01212122,
0010101010101011,
11212122,
01212122,
01212122,
0020101011112010,

11212122,
01212122,
01212122,
0010101010101011,
10202021,
11202021,
11202021,
00000211,

2000211111111020,
0020111111111020,
0020111111111020,
0010101010101011,
1020111111111020,
0020111111111020,
0020111111111020,
0000000000000000
0000200010001111,

2000211021112010,
0020211021112010,
0020211021112120,
0020101010101011,
2000211021112010,
0020211021112010,
0020211021112020,
0,
20001111,

20022002,
22222111,
21110021,
22222021,
20022002,
12222000,
21111111,
1000100010001000
2000222220002000,

21112111,
22222111,
21121121,
21212021,
21122112,
22222220,
12122212,
200200200200200200200200
200000000000101010101010,

2010201120102011,
2010201020001110,
2111200021112000
2111200021112000,
101010100000200000200000
200100100100100100100000,
2000100020002110
2000100020002110,
2010201021111110,
2111200021112000
2000200020002000,
200000000000200000111100,

2110202221102022,
2010201021111110,
2111200021112000
2111200021112000,
101010100000200000200000
200100100100100100100000,
2110202221102022,
2000100020001000
2000100021112000,
2111200021112000
1222221020001000,
2,
2,

@End Lunatic
